54749160
1000
2627 9326
9744 760
228 9665
6217 5829
337 4955
7574 2768
8864 9589
8409 5656
1832 4584
9723 6093
4319 1157
1731 9430
5588 1000
3468 6042
796 6009
8546 2480
7691 2910
1441 3678
68 4065
1425 6589
5691 5527
3805 8435
2503 3206
5026 6599
4678 1234
8276 625
9597 9042
6005 7788
638 2667
8980 787
1820 268
4366 9100
9835 3139
4746 583
1372 6326
1513 740
8876 1992
1891 1062
9532 7359
7579 6852
5889 6660
2114 1598
7714 3267
543 4449
5016 9643
2618 330
1791 4996
9562 6405
1451 3921
3857 5674
3986 212
7595 1960
9783 3535
4889 7548
2032 9377
7672 4643
7491 6901
2997 2630
2366 6011
1285 7459
8188 9036
8461 3097
2772 2631
9033 1738
4125 2165
3013 4844
1751 4260
7281 6080
2200 1571
1582 7633
916 1844
6179 1048
9319 8200
2280 3626
8890 8150
7264 2560
6545 6940
135 7192
7388 4908
7112 5760
9056 4528
1084 1957
1449 2140
4736 4670
7322 8673
1887 7910
2456 7751
5829 7830
6812 2502
1731 2591
4465 1731
6742 2416
2258 9684
8872 812
9345 1379
1640 8208
1918 8903
3844 7721
4239 9288
8423 6161
4696 4004
3128 2018
2530 1900
7241 5080
6303 4543
391 8714
199 3754
298 9017
4808 9730
9717 5742
2559 8300
5997 8355
9049 6596
6626 6199
8176 2854
4304 8736
2778 2790
4553 9767
9536 7093
2574 9715
6104 8515
9835 332
7820 4249
5739 5361
9684 5098
6174 8864
8424 4924
6925 7636
1873 5104
1185 9173
3748 2384
2145 258
6359 1698
9082 1503
9095 6752
1891 4551
316 1669
1115 5864
3501 4420
7108 6374
4672 6499
7208 4419
8178 5007
5263 2560
1546 4638
832 8034
5584 2069
4507 5530
9469 7746
152 6848
8245 9154
2691 791
6442 9417
518 5702
4541 6320
1561 9458
4308 2249
6477 7287
6911 5861
8576 8033
69 3020
3688 5325
8183 5571
1164 9813
2257 5133
7654 7217
9725 4802
2931 8210
1354 3811
4124 7418
3019 9125
3054 8651
5638 1668
303 7496
6326 4804
9404 9374
7435 1918
9067 8760
2636 3982
4970 494
9095 4625
7293 2728
1752 4195
5015 6802
4927 3671
9856 2135
7889 515
2515 7711
7127 8628
7694 9213
5555 9994
8619 9102
5822 2475
9714 7220
5573 4913
1731 4226
9390 2460
2333 2107
5582 1107
6591 600
8435 6987
7362 5313
7861 9684
4495 7531
1207 8867
9177 5436
9447 7023
8847 6414
8468 3778
5454 3984
1151 7065
4875 7027
2604 8823
823 3464
791 6298
9808 3659
5205 1888
5165 7117
871 6023
7017 5544
2551 4384
8203 5450
8090 5734
1314 5066
683 1999
7097 5248
3823 9289
4227 7038
9807 9573
8149 5439
6150 7933
3285 6991
7958 1534
5082 1157
4913 7337
7154 2062
6140 24
2924 7803
2798 3259
1664 1696
5204 4483
2487 5376
417 2723
7036 6580
7247 6510
5108 2674
1127 1671
443 6865
3996 288
8895 9602
3139 1456
5836 87
6538 5373
3659 9172
5840 979
8750 2647
1370 8841
9440 7994
6393 1318
6873 2400
5859 8379
1590 1920
2366 8963
507 3204
8431 3028
3348 9329
4404 8741
9397 3090
9324 133
4136 9118
8610 9831
5579 1928
8162 7423
6131 1002
2306 4742
463 4549
4811 9432
1845 9700
4842 1641
4305 5637
4368 5011
3120 8148
7256 3473
3387 1110
3892 5608
1162 7936
2705 9121
5954 4933
1191 615
2213 8641
7775 6505
4598 9451
4311 1800
9354 996
8662 7052
5523 649
845 6800
3987 7476
3959 484
520 1434
7015 9804
7117 1963
9633 8153
3235 279
9310 9136
1953 5816
4004 2963
8744 263
5179 2298
3934 1640
1756 8722
8567 1911
5322 2552
4236 2571
5481 5113
9017 5621
5478 5171
1765 4036
3910 8782
5532 663
7240 5154
2020 7391
1134 3133
8705 1732
8391 1299
1380 6987
7064 7232
2136 2604
5941 596
7631 3954
1708 9858
4321 9172
5375 2942
3857 4860
7776 9484
2053 7511
9436 2278
7492 8038
5092 2419
5122 9585
1146 1817
5086 1888
6604 988
8715 8239
8395 247
6292 103
2311 5051
4326 176
718 6778
5762 3271
1417 6195
616 8518
4651 9283
657 6009
262 7987
9424 5222
1821 8678
877 3222
5658 3668
8635 79
2540 7392
4558 9257
8200 9530
1684 8140
8900 9533
1832 3408
1400 4011
4656 358
3032 2468
6386 5268
6545 9034
7065 4880
6018 1205
4494 9224
227 7310
8205 4791
1212 1250
6892 3168
3588 5797
9770 7207
316 3414
3810 9855
180 6126
7847 5438
9395 4964
4144 2865
9616 6697
5552 6666
3318 8532
4558 2139
7331 2415
2580 2537
9780 1716
6495 3309
5228 6326
1700 7652
4476 7547
9605 2979
6531 2115
7884 4738
2864 3482
7128 5000
1900 5824
6554 9013
2318 1982
8102 1315
352 4900
6258 4048
7859 2184
540 1824
8640 884
5349 83
9207 681
7182 9834
7246 5793
563 1232
6213 9658
3079 8288
4018 3731
7133 4871
8897 9166
7017 228
7087 2335
9983 2947
3489 3081
1770 7725
4829 3481
2856 8029
7798 3531
4837 5356
7794 8206
7603 8634
8468 726
6415 3312
3061 9935
8151 2281
2069 7028
2846 3893
480 6945
2815 5680
9187 3156
3383 1003
8240 9640
9912 742
5111 9307
8518 7666
7455 9862
7272 7272
158 7225
2243 5635
2053 5235
6155 7412
7614 7943
8751 300
2928 2859
6855 6457
7544 7851
1049 3480
7589 8052
7617 6574
4628 5979
278 4833
8795 1109
2155 8860
7503 3841
9840 1159
8977 6908
7406 2774
420 6567
7194 2504
7933 4063
6909 3959
7169 2089
1484 9578
1857 9299
8844 5608
7365 9354
1854 3671
2544 3007
2773 3121
6204 4388
5337 5587
6336 1454
2062 3291
4552 2985
1966 4027
6916 9515
4756 1082
4935 9924
3723 4151
8676 3232
7854 890
3442 7221
8074 1349
4065 9813
7143 403
1828 6810
5785 9583
3935 3239
6504 3893
7729 9198
319 8181
530 8638
468 7715
1542 5264
3293 7779
9198 2599
6578 8498
1466 7775
4727 7650
7049 6589
2501 4013
9519 6717
9667 7114
2368 2707
1313 1239
7760 4029
217 4359
8247 7585
5500 5391
6325 3503
4048 399
1204 7795
8338 9920
3366 2754
7179 5786
9701 4799
6778 9714
2470 9524
1415 6381
5272 1885
3388 887
2594 2941
9264 6598
9693 2453
1405 1463
5825 4714
9712 5830
7698 4164
1762 839
2371 8180
3902 6068
3357 850
642 5092
1815 7899
1598 5271
1892 4521
4866 5666
5792 3099
6891 4036
8584 6659
3678 6157
8362 4184
4815 7233
5742 3600
9598 2763
2832 8673
2339 4906
7596 200
4290 9009
2104 2108
5071 5346
9398 7345
5659 652
1327 3529
6071 6431
7337 6745
6272 8678
1573 7979
1320 8626
1990 2284
4236 9955
5973 3617
4425 4638
559 7454
8702 1361
531 5168
5243 266
3869 8838
329 9802
7647 902
7499 3749
6900 6301
8738 159
3409 4613
5710 2182
7802 4874
790 9920
1189 5846
3860 1420
7796 9638
3828 2404
3345 4934
3141 8136
6732 7831
8653 7091
6903 9919
8293 7259
2664 5780
7579 2396
8569 1114
4609 6305
3198 2018
3834 9723
8814 2853
8867 5071
2002 8765
8486 5199
5651 1456
4865 4373
7304 8068
4840 1909
287 9260
7819 6955
3033 2566
555 7322
8788 905
5386 4090
3038 7783
2467 7722
7331 5348
3190 516
9233 9587
3517 5167
6313 9227
695 1605
9182 9165
419 7253
7832 9512
8003 4938
7056 7056
8000 2735
6917 4481
6451 7255
4295 7385
2098 6724
134 3194
2785 3164
1216 989
9862 9587
4187 4783
3973 5174
4034 1091
2368 9375
5989 7075
8068 4524
6851 87
387 858
7380 8925
6894 8144
6240 8068
2444 3024
4459 3100
3630 3336
1298 6606
5271 2305
9172 8338
2937 6228
1691 6592
8429 385
3343 1401
541 2863
2450 7237
3991 3897
6437 7511
2254 7760
1193 7048
893 2242
9139 5067
1509 98
653 882
5849 2155
1022 501
9558 4031
8476 5327
5225 3013
2362 9195
4716 6974
6840 7344
5345 1710
1863 1852
345 1144
525 6313
6264 5925
9057 7267
9419 9895
1539 601
3219 8769
994 7627
3278 7075
8148 3851
6487 5922
4002 9946
9878 7157
1114 6697
2471 1756
3549 8814
7573 8295
1456 5963
9402 6911
7975 7405
4933 1081
1318 4834
6305 8618
9886 6892
3694 1758
7594 1448
8043 7132
779 4712
908 2107
737 4905
6347 7580
4759 1998
1727 2060
3929 2785
7450 6225
6261 4116
12 5411
9346 2626
6803 6995
1148 4011
2620 1719
6904 311
6081 5556
9400 4560
8511 7669
5672 4803
5825 2740
1154 7083
2846 9958
9361 6061
9463 5792
6961 5587
3443 4116
1549 1056
8574 4271
5794 5621
3843 6765
1508 3588
9632 2131
4187 3892
3209 3797
3809 1583
5820 82
3567 880
5392 825
5210 9723
4322 9799
5181 1677
6057 5020
7380 6052
1675 2381
5163 2838
1769 6474
1801 7624
5487 7390
7137 7325
5547 6759
7186 3732
2544 6849
3231 8779
9194 2305
3172 614
4017 2865
6372 6379
6481 4294
949 3937
8344 54
4690 8502
8069 9109
8821 9538
2324 3743
2577 6088
3996 1356
4369 934
4894 4492
6182 4405
8204 2077
3948 6651
2888 6885
5965 5919
2262 7862
4489 187
417 2186
8144 1062
8673 3881
4821 8431
3851 4623
2777 2559
9634 144
132 3380
7904 2787
4167 9044
3284 743
9109 71
7346 8099
8611 3995
5038 4094
6987 6667
1823 1864
330 5056
2072 8933
4293 5373
2987 738
5167 8245
1848 9187
3136 3944
7299 8643
36 9507
9205 7917
448 8391
5348 4478
9677 3795
652 3084
2095 7539
6380 5657
1701 4690
9582 1111
9844 4751
1210 5933
7762 3321
6642 2467
3843 3035
4831 1278
3463 4034
7139 87
3380 3915
6134 385
2279 7461
6414 8421
1217 673
1274 8109
8177 7430
3928 5741
7643 5588
4573 881
1362 4003
5618 7446
2117 4801
2212 9337
177 6921
8296 8132
6457 85
7865 5040
1600 7553
4779 1669
5360 3047
6798 9568
736 8481
6830 2871
5525 3129
7841 4906
5098 8734
1092 8081
2622 4995
5035 2183
1688 2753
1270 4189
9481 169
9295 6060
8333 6601
7202 1276
4125 2065
3972 1672
8353 1985
6358 226
7461 110
6809 8650
4380 2694
2714 4392
571 5644
9220 6935
5776 6902
8008 1666
7 8112
6952 600
7715 9245
5082 9436
4430 808
2650 377
1620 6778
4838 1657
7787 1637
57 4799
4481 282
6178 2938
4489 6145
6348 2030
3802 7970
5673 7799
3146 2035
3978 3587
1065 6550
9368 6003
1427 1594
2079 2053
9286 9535
1052 3587
1863 4637
5846 6088
4615 877
4360 9508
322 1623
4664 2401
5110 1800
242 1183
6275 8
841 5322
8031 2909
3718 8342
5826 8497
8923 4185
8670 2840
2651 8041
2928 8948
3730 5716
767 4595
1547 9809
2119 5815
4213 4318
5991 6667
9945 5568
3937 3282
407 2263
3583 5751
8533 5509
1408 354
9862 6336
2888 4541
3206 187
9798 7938
9997 7887
1395 8611
2994 4709
4824 2319
408 1988
9774 9108
7087 7413
4030 8938
3230 7765
9407 758
2339 6991
6488 2930
4536 8067
7922 4450
9589 7918
3544 3903
6955 1160
6704 8839
5004 6373
7179 4973
7024 2128
4314 9322
3843 4907
609 7540
9478 8650
3427 5510
1665 2660
9872 7307
8399 2990
8783 2572
6130 5222
7995 6709
2280 9242
2812 4587
7657 2237
7481 762
7321 2279
6562 6452
836 8683
9931 1179
1336 6798
2494 3011
9704 3519
9088 9071
8752 8881
6033 6072
6443 3208
2689 438
4731 9868
1349 8659
9392 4387
2182 8075
3749 4997
2679 5675
1 2716
5320 1791
7155 7298
9218 424
724 881
4792 8222
9919 7465
5664 9516
1817 3972
3796 3664
4627 5774
4975 8011
6412 9156
7722 7983
6371 9680