4776091
300
1216 2486
2982 2181
253 2874
291 1863
2058 2831
86 556
2757 2367
1012 833
2614 2276
159 162
2583 2124
781 1180
342 1714
574 2428
1285 1967
2614 1864
530 471
825 1023
632 1821
2172 2278
392 937
368 1352
919 2748
346 344
120 423
579 983
2172 1199
2551 605
1467 1576
2024 2436
1053 2479
432 1175
1789 2617
1964 1645
1735 1919
231 1751
1704 1969
2885 381
1957 2173
2509 22
2898 2497
2869 2370
1668 1377
818 136
2414 1268
1834 2611
2514 2005
1023 223
1631 1677
2087 775
2591 415
2882 1626
1781 2853
1950 2876
2487 2495
284 214
644 1974
1673 1665
2621 1958
995 1858
880 1665
2278 1335
2893 2952
1295 473
779 2339
2135 610
1596 1396
1186 2003
133 1638
720 1066
1556 629
1521 52
395 1858
2371 1174
1640 2839
1638 2354
1718 683
2598 1111
2771 650
266 988
2282 79
1824 319
2642 2060
2973 2616
1662 826
2398 752
1176 887
2843 2944
2645 624
65 2703
1957 2017
897 1339
2246 179
1835 2602
2472 1495
251 2120
2445 752
349 2396
2799 1187
2955 2919
1198 2286
223 145
1282 2960
1144 2347
1563 608
1155 1764
1899 554
1946 274
731 2449
2804 998
1626 871
2890 1669
2095 247
2058 621
384 2724
1312 793
1097 1308
700 1214
1479 1454
67 2557
1304 1772
2479 1636
282 120
1044 297
2003 1278
1241 2155
1338 1912
2912 102
1207 2288
2207 1402
46 1980
2880 1543
1224 197
2728 815
1163 1113
1840 1963
1414 17
2758 167
867 1168
1848 1001
2878 2290
1882 2616
2890 1400
1777 1640
2691 1583
25 2703
1571 1533
2872 886
1644 2615
1899 653
1979 1975
1600 2295
2297 540
1422 2919
1778 911
1156 2654
154 2779
2498 694
2982 1763
1199 1722
2614 1779
2413 689
549 375
2059 184
1854 1667
1109 939
2720 2273
103 2883
2742 659
2817 112
2661 2300
1701 688
1465 1104
1077 2869
1089 1099
1435 2129
1684 760
1392 2810
1502 259
843 1263
1410 2364
2890 1423
2256 1876
1694 1537
833 476
185 2870
2233 1588
1296 271
2596 1324
791 826
1293 1003
194 732
1593 1066
370 2231
1397 2723
2060 2089
1587 358
978 2318
2921 1987
2880 1620
1906 1896
1162 1837
950 2373
2249 1150
2356 316
2788 1464
1657 43
984 1396
1257 722
1915 2619
2946 2564
1235 1272
2867 786
1552 41
45 21
488 1491
2668 2580
58 1361
1737 591
578 929
1853 1781
2828 574
166 2746
2160 2743
2829 942
2353 1794
2396 1173
1014 1592
1849 588
907 1324
675 2446
2990 1520
1972 2119
550 837
1662 2429
1105 1062
2226 1422
1012 2857
1575 1214
527 684
1728 1094
2206 507
548 217
255 958
2952 1071
426 1351
2842 2854
1995 274
1625 2632
1882 2531
1083 137
1621 1802
1133 899
2366 1097
2713 653
18 2434
773 673
176 1106
2469 2811
1949 1216
1219 117
1017 2329
2936 279
2929 973
2063 1012
1696 2251
2622 2823
1598 2781
2303 537
1479 265
789 890
1547 1949
1087 1681
2608 411
1418 398
774 2530
1604 171
926 2718
739 639
2633 1141
2175 2937
1104 270
1214 987
74 2884
392 699
136 487
2295 1874
647 880
275 1472
702 1660
1116 2064
2349 314
1604 875
278 1161
997 1771
1763 1488
87 2787
2199 2440
1966 2414
1198 626