557896
100
217 576
669 870
267 489
927 79
753 855
780 115
120 608
231 359
837 640
956 643
485 375
901 697
608 901
863 511
226 300
498 792
857 608
868 62
6 303
863 448
350 881
252 116
590 749
586 609
769 575
302 52
757 883
909 346
413 377
864 892
211 748
222 42
991 724
1 6
433 443
752 537
522 144
20 459
105 29
354 805
703 999
153 369
413 19
352 368
38 384
167 57
801 694
425 194
726 304
607 499
269 75
60 663
196 646
250 825
429 703
743 907
504 281
420 613
667 840
162 445
699 510
312 260
280 841
964 361
67 122
846 48
871 843
223 830
46 897
920 762
287 556
185 240
177 706
595 748
634 546
337 0
753 518
991 761
612 140
989 116
326 875
46 956
913 95
722 116
676 875
426 373
703 160
993 840
558 786
356 931
250 886
908 449
351 644
510 255
981 956
568 552
830 668
518 810
236 385
814 854